{
  "nbformat": 4,
  "nbformat_minor": 0,
  "metadata": {
    "colab": {
      "provenance": []
    },
    "kernelspec": {
      "name": "python3",
      "display_name": "Python 3"
    },
    "language_info": {
      "name": "python"
    }
  },
  "cells": [
    {
      "cell_type": "code",
      "execution_count": null,
      "metadata": {
        "colab": {
          "base_uri": "https://localhost:8080/"
        },
        "id": "exaMZ8p2-X-K",
        "outputId": "07a1fe3f-e73e-4be3-8546-d28cea700ca5"
      },
      "outputs": [
        {
          "output_type": "stream",
          "name": "stdout",
          "text": [
            "Dataset Transpose:\n",
            " [[801.   802.   803.   804.   805.   806.   807.   808.   809.   810.  ]\n",
            " [ 28.48  28.1   26.16  26.16  26.1   25.45  26.16  27.44  28.63  30.35]\n",
            " [ 34.18  33.72  31.39  31.39  31.32  30.54  31.39  32.93  34.35  36.42]\n",
            " [ 30.56  30.68  28.2   28.78  28.22  27.73  28.01  28.83  31.03  31.38]\n",
            " [ 22.23  22.82  22.53  20.93  20.82  21.05  20.51  22.08  22.68  23.1 ]]\n",
            "Matrix Product:\n",
            " [[6.48838500e+06 2.19938810e+05 2.63921710e+05 2.36354900e+05\n",
            "  1.76204910e+05]\n",
            " [2.19938810e+05 7.47642270e+03 8.97154730e+03 8.02993280e+03\n",
            "  5.98322070e+03]\n",
            " [2.63921710e+05 8.97154730e+03 1.07656649e+04 9.63574310e+03\n",
            "  7.17973390e+03]\n",
            " [2.36354900e+05 8.02993280e+03 9.63574310e+03 8.62732000e+03\n",
            "  6.42812460e+03]\n",
            " [1.76204910e+05 5.98322070e+03 7.17973390e+03 6.42812460e+03\n",
            "  4.79334490e+03]]\n",
            "Matrix Inverse:\n",
            " [[ 1.07127833e-04  1.07799297e-01 -8.77392904e-02 -3.10404289e-03\n",
            "  -2.91351984e-03]\n",
            " [ 1.07799297e-01  2.51526524e+04 -2.09296713e+04 -3.58948211e+01\n",
            "  -2.64083690e+00]\n",
            " [-8.77392904e-02 -2.09296713e+04  1.74160166e+04  2.95179669e+01\n",
            "   2.12640164e+00]\n",
            " [-3.10404289e-03 -3.58948211e+01  2.95179669e+01  5.94960099e-01\n",
            "  -9.22197613e-02]\n",
            " [-2.91351984e-03 -2.64083691e+00  2.12640164e+00 -9.22197613e-02\n",
            "   3.42326441e-01]]\n",
            "Horizontal Stack:\n",
            " [801.    28.48  34.18  30.56  22.23 802.    28.1   33.72  30.68  22.82\n",
            " 803.    26.16  31.39  28.2   22.53 804.    26.16  31.39  28.78  20.93\n",
            " 805.    26.1   31.32  28.22  20.82 806.    25.45  30.54  27.73  21.05\n",
            " 807.    26.16  31.39  28.01  20.51 808.    27.44  32.93  28.83  22.08\n",
            " 809.    28.63  34.35  31.03  22.68 810.    30.35  36.42  31.38  23.1 ]\n",
            "Vertical Stack:\n",
            " [[801.    28.48  34.18  30.56  22.23]\n",
            " [802.    28.1   33.72  30.68  22.82]\n",
            " [803.    26.16  31.39  28.2   22.53]\n",
            " [804.    26.16  31.39  28.78  20.93]\n",
            " [805.    26.1   31.32  28.22  20.82]\n",
            " [806.    25.45  30.54  27.73  21.05]\n",
            " [807.    26.16  31.39  28.01  20.51]\n",
            " [808.    27.44  32.93  28.83  22.08]\n",
            " [809.    28.63  34.35  31.03  22.68]\n",
            " [810.    30.35  36.42  31.38  23.1 ]]\n",
            "Custom Sequence:\n",
            " [0 2 4 6 8]\n",
            "Addition:\n",
            " [62.66 61.82 57.55 57.55 57.42 55.99 57.55 60.37 62.98 66.77]\n",
            "Subtraction:\n",
            " [8.33 7.86 5.67 7.85 7.4  6.68 7.5  6.75 8.35 8.28]\n",
            "Multiplication:\n",
            " [870.3488 862.108  737.712  752.8848 736.542  705.7285 732.7416 791.0952\n",
            " 888.3889 952.383 ]\n",
            "Division:\n",
            " [1.53756185 1.47765118 1.39325344 1.49976111 1.50432277 1.45083135\n",
            " 1.53047294 1.49139493 1.51455026 1.57662338]\n",
            "Mean of Column 1: 27.303000000000004\n",
            "Median of Column 2: 32.16\n",
            "Standard Deviation of Column 3: 1.333805083211186\n",
            "Maximum of Column 4: 23.1\n",
            "Minimum of Column 5: 20.51\n",
            "Exponential of Column 1:\n",
            " [2.33725902e+12 1.59836125e+12 2.29690824e+11 2.29690824e+11\n",
            " 2.16314672e+11 1.12926161e+11 2.29690824e+11 8.26115144e+11\n",
            " 2.71550756e+12 1.51648293e+13]\n",
            "Square Root of Column 2:\n",
            " [5.84636639 5.80689246 5.60267793 5.60267793 5.59642743 5.52630075\n",
            " 5.60267793 5.73846669 5.8608873  6.03489851]\n",
            "Logarithm of Column 3:\n",
            " [3.41969196 3.42361098 3.33932198 3.3596807  3.34003095 3.32251486\n",
            " 3.33256159 3.36141651 3.43495448 3.44617075]\n",
            "Bitwise AND of Column 2 and Column 4:\n",
            " [ 2  0 22 20 20 20 20  0  2  4]\n",
            "Bitwise OR of Column 2 and Column 4:\n",
            " [54 55 31 31 31 31 31 54 54 55]\n",
            "Copy of Column 1:\n",
            " [28.48 28.1  26.16 26.16 26.1  25.45 26.16 27.44 28.63 30.35]\n",
            "View of Column 3:\n",
            " [30.56 30.68 28.2  28.78 28.22 27.73 28.01 28.83 31.03 31.38]\n",
            "Column Stack:\n",
            " [[28.48 30.56]\n",
            " [28.1  30.68]\n",
            " [26.16 28.2 ]\n",
            " [26.16 28.78]\n",
            " [26.1  28.22]\n",
            " [25.45 27.73]\n",
            " [26.16 28.01]\n",
            " [27.44 28.83]\n",
            " [28.63 31.03]\n",
            " [30.35 31.38]]\n",
            "Row Stack:\n",
            " [[34.18 33.72 31.39 31.39 31.32 30.54 31.39 32.93 34.35 36.42]\n",
            " [22.23 22.82 22.53 20.93 20.82 21.05 20.51 22.08 22.68 23.1 ]]\n",
            "Index of 28.63 in Column 1: (array([8]),)\n",
            "Sorted Column 2:\n",
            " [30.54 31.32 31.39 31.39 31.39 32.93 33.72 34.18 34.35 36.42]\n",
            "Count of Nonzero values in Column 4: 10\n",
            "Broadcasted Column 1:\n",
            " [56.96 56.2  52.32 52.32 52.2  50.9  52.32 54.88 57.26 60.7 ]\n"
          ]
        }
      ],
      "source": [
        "import numpy as np\n",
        "\n",
        "# File path\n",
        "file_path = '/content/drive/MyDrive/Colab Notebooks/testmarks2.csv'\n",
        "\n",
        "# Read the file using np.genfromtxt() with the correct delimiter, dtype, and skip_header parameters\n",
        "dataset = np.genfromtxt(file_path, delimiter=',', dtype=float, skip_header=1)\n",
        "\n",
        "# Matrix operations\n",
        "dataset_transpose = dataset.T\n",
        "matrix_product = np.dot(dataset_transpose, dataset)\n",
        "matrix_inverse = np.linalg.inv(matrix_product)\n",
        "\n",
        "# Horizontal and vertical stacking\n",
        "hor_stack = np.hstack(dataset)\n",
        "ver_stack = np.vstack(dataset)\n",
        "\n",
        "# Custom sequence generation\n",
        "custom_sequence = np.arange(0, len(dataset), 2)\n",
        "\n",
        "# Arithmetic and Statistical Operations\n",
        "addition = dataset[:, 1] + dataset[:, 2]\n",
        "subtraction = dataset[:, 3] - dataset[:, 4]\n",
        "multiplication = dataset[:, 1] * dataset[:, 3]\n",
        "division = dataset[:, 2] / dataset[:, 4]\n",
        "mean_col1 = np.mean(dataset[:, 1])\n",
        "median_col2 = np.median(dataset[:, 2])\n",
        "std_dev_col3 = np.std(dataset[:, 3])\n",
        "max_col4 = np.max(dataset[:, 4])\n",
        "min_col5 = np.min(dataset[:, 4])\n",
        "\n",
        "# Mathematical Operations\n",
        "exponential = np.exp(dataset[:, 1])\n",
        "sqrt_col2 = np.sqrt(dataset[:, 2])\n",
        "log_col3 = np.log(dataset[:, 3])\n",
        "\n",
        "# Bitwise Operators\n",
        "bitwise_and = np.bitwise_and(dataset[:, 2].astype(int), dataset[:, 4].astype(int))\n",
        "bitwise_or = np.bitwise_or(dataset[:, 2].astype(int), dataset[:, 4].astype(int))\n",
        "\n",
        "# Copying and Viewing Arrays\n",
        "copy_col1 = np.copy(dataset[:, 1])\n",
        "view_col3 = dataset[:, 3].view()\n",
        "\n",
        "# Data Stacking\n",
        "col_stack = np.column_stack((dataset[:, 1], dataset[:, 3]))\n",
        "row_stack = np.row_stack((dataset[:, 2], dataset[:, 4]))\n",
        "\n",
        "# Searching\n",
        "index = np.where(dataset[:, 1] == 28.63)\n",
        "\n",
        "# Sorting\n",
        "sorted_col2 = np.sort(dataset[:, 2])\n",
        "\n",
        "# Counting\n",
        "count_col4 = np.count_nonzero(dataset[:, 4])\n",
        "\n",
        "# Broadcasting\n",
        "broadcasted_col1 = dataset[:, 1] * 2\n",
        "\n",
        "# Print the results\n",
        "print(\"Dataset Transpose:\\n\", dataset_transpose)\n",
        "print(\"Matrix Product:\\n\", matrix_product)\n",
        "print(\"Matrix Inverse:\\n\", matrix_inverse)\n",
        "print(\"Horizontal Stack:\\n\", hor_stack)\n",
        "print(\"Vertical Stack:\\n\", ver_stack)\n",
        "print(\"Custom Sequence:\\n\", custom_sequence)\n",
        "print(\"Addition:\\n\", addition)\n",
        "print(\"Subtraction:\\n\", subtraction)\n",
        "print(\"Multiplication:\\n\", multiplication)\n",
        "print(\"Division:\\n\", division)\n",
        "print(\"Mean of Column 1:\", mean_col1)\n",
        "print(\"Median of Column 2:\", median_col2)\n",
        "print(\"Standard Deviation of Column 3:\", std_dev_col3)\n",
        "print(\"Maximum of Column 4:\", max_col4)\n",
        "print(\"Minimum of Column 5:\", min_col5)\n",
        "print(\"Exponential of Column 1:\\n\", exponential)\n",
        "print(\"Square Root of Column 2:\\n\", sqrt_col2)\n",
        "print(\"Logarithm of Column 3:\\n\", log_col3)\n",
        "print(\"Bitwise AND of Column 2 and Column 4:\\n\", bitwise_and)\n",
        "print(\"Bitwise OR of Column 2 and Column 4:\\n\", bitwise_or)\n",
        "print(\"Copy of Column 1:\\n\", copy_col1)\n",
        "print(\"View of Column 3:\\n\", view_col3)\n",
        "print(\"Column Stack:\\n\", col_stack)\n",
        "print(\"Row Stack:\\n\", row_stack)\n",
        "print(\"Index of 28.63 in Column 1:\", index)\n",
        "print(\"Sorted Column 2:\\n\", sorted_col2)\n",
        "print(\"Count of Nonzero values in Column 4:\", count_col4)\n",
        "print(\"Broadcasted Column 1:\\n\", broadcasted_col1)\n"
      ]
    }
  ]
}